0,319
725,36
0,318
725,35
14,21
392,1
392,3
394,1
394,3
613,1
613,3
597,1
597,3
14,17
581,1
581,3
14,14
364,1
364,3
363,1
363,3
596,4
590,4
596,1
596,3
619,1
619,3
401,3
448,3
445,1
445,3
618,11
618,16
618,19
618,10
618,4
401,1
401,6
448,1
448,4
0,563
637,1
637,3
439,3
636,4
439,1
439,4
0,562
636,1
636,3
14,20
0,545
618,18
618,17
618,15
618,14
618,13
618,12
618,9
618,8
618,7
618,6
618,5
618,1
618,20
618,3
14,28
412,5
361,1
361,3
360,1
360,5
360,3
595,1
595,3
412,1
412,3
625,1
625,3
14,31
0,535
590,13
590,12
590,11
590,10
590,9
590,8
352,1
352,3
590,7
14,29
0,551
590,1
590,14
590,3
14,16
14,15
0,575
0,528
677,4
675,4
676,1
676,3
675,1
675,3
0,547
677,1
677,3
14,25
14,30
13,5
0,349
0,548
3,2
3,1
3,3
10,258
10,228
10,26
10,248
10,154
10,124
10,190
10,1
10,20
10,2
10,3
11,20
11,6
11,19
11,12
11,9
11,23
11,1
11,8
11,2
11,3
9,7
9,4
9,1
9,6
9,2
9,3
8,17
8,12
8,16
8,1
8,11
8,2
8,3
12,2
12,1
12,3
20,2
20,1
20,3
19,2
19,1
19,3
18,1
18,3
14,1
14,5
14,3
13,1
13,4
13,3
2,2
2,1
2,3
0,0
725,34
725,33
725,32
725,31
725,30
725,29
725,28
725,27
725,26
725,25
725,24
725,23
725,22
725,21
725,20
725,19
725,18
725,17
725,16
725,15
725,14
725,13
725,12
725,11
725,10
725,9
725,8
725,7
725,6
725,5
725,4
725,3
725,2
725,0
0,533
0,531
0,567
0,538
0,519
0,557
0,536
0,276
0,560
0,539
